0059
0058
0053
0052
0051
0050
0057
0056
0055
0054
3519
3518
8016
8011
2308
2301
2303
2302
2305
3622
4722
6216
6215
6214
6213
1762
1540
1541
2514
2515
2516
2511
3533
3532
3535
3515
3514
4746
6184
6183
6189
2727
2723
2722
6235
1701
1702
5264
1704
1707
1708
1709
5269
3029
3028
3027
3026
3025
3024
3023
3022
3021
2538
2539
2530
2536
2537
2534
2535
5388
4976
2820
2882
2883
2880
2881
2884
2885
2823
2611
2705
2704
2707
2706
2701
2702
1729
1726
1727
1724
1725
1722
1723
1720
1721
3004
3003
3002
3008
1589
1582
1583
6415
6412
9924
9925
9926
9927
3645
2472
8070
8072
1210
1806
1215
1447
1110
1445
1444
1443
1442
1441
1440
1449
2007
1805
4725
3705
1802
6277
6278
6115
5225
3062
3060
8404
1304
1305
1307
1301
1303
1308
1309
9906
9907
9902
8374
3665
3669
3593
3591
3596
8081
8926
1469
1468
1465
1464
1467
1460
1463
3406
3432
2034
2033
2032
2031
2030
2038
5203
3049
3048
3041
3040
3043
3042
3045
3044
3047
3046
1323
1321
1326
1324
1325
8131
3607
3605
3296
3383
3380
1409
1402
5007
6108
3419
2015
2017
2010
2013
2886
9110
8110
8114
2464
2465
2466
2467
2461
2462
2468
2809
2801
1423
5434
3501
2014
5880
4904
6120
6128
3682
3686
8411
2442
2443
2441
2444
2448
2449
8940
1626
3209
9908
2867
9188
5533
5531
5534
5538
6142
6141
6145
2059
4536
4532
2382
2428
2429
2420
2421
2423
2425
2426
2427
4958
1609
1608
3229
1603
1605
1604
2849
2845
2841
5471
5515
3035
1909
1903
6168
6165
6164
6166
8033
8039
6133
9921
9945
9105
5706
2460
2406
2404
2405
2402
4984
2401
2408
2409
3308
3305
8249
1227
1225
1220
1229
4164
9940
2231
8427
3494
8422
3338
2397
2395
2392
2393
2390
2399
4137
4960
1201
1203
8271
6239
9802
6230
4144
4141
4142
2617
2616
2615
2614
2613
2612
2610
2618
9943
2379
2374
2375
2376
2377
2371
2373
4942
2114
8046
2637
3545
3130
6605
2358
2359
2352
2353
2351
2356
2357
2354
2355
9942
9941
9946
9944
1537
1535
1533
1532
1531
1530
1539
4104
4106
1456
2903
2901
2906
2905
2904
2908
2330
2331
2332
2337
2338
2488
2489
2486
2484
2485
2482
2480
2481
2012
8210
8213
8215
6243
1519
1515
1514
1517
1516
1513
1512
9911
2923
9910
2365
1710
4737
2316
2317
2314
2312
2313
2311
6205
6206
6201
6202
6209
2887
3698
0061
2528
8021
4755
5871
6196
6197
6191
6192
2731
6226
6224
6225
1773
3038
3034
3036
3037
3030
3031
3032
3033
5607
5608
6257
2509
2506
2505
2504
2501
3704
4119
2712
1713
1712
1711
1717
1715
1714
1718
6251
3018
3019
3013
3010
3011
3016
3017
3014
3015
6405
9955
2440
3653
2524
2527
2520
2471
1454
1455
1457
1102
1103
1452
1101
1459
1108
1109
5243
3005
3006
1731
1730
1733
1732
1735
1734
1736
9939
9938
3673
2891
2890
3679
2543
2542
2540
2547
2546
2545
2548
1104
1451
3557
3583
3588
1453
3550
4426
3559
1472
1473
1470
1471
1476
1477
1474
1475
2458
1817
1810
5305
6285
6281
3443
2024
2027
2020
2022
2023
2028
2029
5215
9928
9929
3058
3056
3057
3055
3052
3050
3051
1316
1315
1314
1313
1312
1319
9912
9914
9917
3617
1536
3090
3094
3231
1617
1538
1615
1611
1418
1419
1410
1413
1414
1416
1417
4108
6116
6117
6112
9106
9103
2002
2006
2009
4414
6269
1339
1338
1337
2892
2345
2838
2836
2834
2832
1436
1437
1434
1435
1432
1438
1439
5234
3703
3706
6139
6136
1590
2062
3257
8105
8101
8103
9933
3189
1446
3561
2477
2476
2475
2474
2478
2201
2816
2812
3376
5521
5522
5525
2424
6152
6153
6155
9935
2049
9934
8163
3450
3454
2459
2455
2454
2457
2456
2451
2450
2453
1503
1618
1616
1614
1612
1613
3356
9157
6176
6177
6172
2204
2206
2207
2208
6271
9931
4526
9930
9937
2439
2438
2433
2430
2437
2436
2434
1809
1808
4999
2851
2850
2852
2855
2856
5469
5484
1234
1235
1236
1231
1232
1233
6505
6504
2483
4906
9136
2228
2227
8112
3579
3576
9958
2413
2412
2415
2414
2417
2419
4977
3311
3312
3315
2431
1213
1216
1217
1218
1219
8261
5906
5907
3481
9904
9905
2605
2606
2607
2601
2603
2608
2609
2380
2383
2385
2387
2388
4952
4956
1906
1907
1904
1905
1902
8429
4133
6289
2597
4306
2369
2368
2367
2364
2363
2362
2360
4930
4934
4935
4938
2108
2103
2102
2101
2107
2106
2105
2104
3702
1789
1786
5259
1524
1525
1526
1527
1521
1522
1528
1529
2888
3059
3054
2889
2642
2910
2911
2912
2913
2915
3149
1466
3504
2344
2347
2340
2342
1310
2349
2348
4919
4916
4915
3694
8201
1506
1507
1504
9919
9918
6005
3167
3164
6282
2323
6283
2321
2327
2325
2324
2329
2328
2499
2498
2491
2493
2492
2495
2497
2496
1560
